               Exact      Appr
    0.0000    1.0000    0.4375
    0.0500    0.9988    0.4893
    0.1000    0.9950    0.5403
    0.1500    0.9888    0.5887
    0.2000    0.9801    0.6327
    0.2500    0.9689    0.6709
    0.3000    0.9553    0.7019
    0.3500    0.9394    0.7254
    0.4000    0.9211    0.7411
    0.4500    0.9004    0.7494
    0.5000    0.8776    0.7514
    0.5500    0.8525    0.7470
    0.6000    0.8253    0.7372
    0.6500    0.7961    0.7222
    0.7000    0.7648    0.7024
    0.7500    0.7317    0.6780
    0.8000    0.6967    0.6495
    0.8500    0.6600    0.6172
    0.9000    0.6216    0.5820
    0.9500    0.5817    0.5445
    1.0000    0.5403    0.5053
    1.0500    0.4976    0.4651
    1.1000    0.4536    0.4242
    1.1500    0.4085    0.3827
    1.2000    0.3624    0.3404
    1.2500    0.3153    0.2972
    1.3000    0.2675    0.2529
    1.3500    0.2190    0.2076
    1.4000    0.1700    0.1613
    1.4500    0.1205    0.1143
    1.5000    0.0707    0.0663
    1.5500    0.0208    0.0181
    1.6000   -0.0292   -0.0292
    1.6500   -0.0791   -0.0761
    1.7000   -0.1288   -0.1224
    1.7500   -0.1782   -0.1680
    1.8000   -0.2272   -0.2130
    1.8500   -0.2756   -0.2576
    1.9000   -0.3233   -0.3018
    1.9500   -0.3702   -0.3457
    2.0000   -0.4161   -0.3900
    2.0500   -0.4611   -0.4333
    2.1000   -0.5048   -0.4755
    2.1500   -0.5474   -0.5162
    2.2000   -0.5885   -0.5551
    2.2500   -0.6282   -0.5920
    2.3000   -0.6663   -0.6268
    2.3500   -0.7027   -0.6597
    2.4000   -0.7374   -0.6910
    2.4500   -0.7702   -0.7210
    2.5000   -0.8011   -0.7508
    2.5500   -0.8301   -0.7787
    2.6000   -0.8569   -0.8053
    2.6500   -0.8816   -0.8299
    2.7000   -0.9041   -0.8520
    2.7500   -0.9243   -0.8711
    2.8000   -0.9422   -0.8871
    2.8500   -0.9578   -0.9003
    2.9000   -0.9710   -0.9110
    2.9500   -0.9817   -0.9198
    3.0000   -0.9900   -0.9278
    3.0500   -0.9958   -0.9334
    3.1000   -0.9991   -0.9380
    3.1500   -1.0000   -0.9404
    3.2000   -0.9983   -0.9402
    3.2500   -0.9941   -0.9369
    3.3000   -0.9875   -0.9302
    3.3500   -0.9784   -0.9205
    3.4000   -0.9668   -0.9080
    3.4500   -0.9528   -0.8934
    3.5000   -0.9365   -0.8777
    3.5500   -0.9178   -0.8596
    3.6000   -0.8968   -0.8410
    3.6500   -0.8735   -0.8207
    3.7000   -0.8481   -0.7983
    3.7500   -0.8206   -0.7733
    3.8000   -0.7910   -0.7456
    3.8500   -0.7594   -0.7153
    3.9000   -0.7259   -0.6827
    3.9500   -0.6907   -0.6483
    4.0000   -0.6536   -0.6126
    4.0500   -0.6150   -0.5753
    4.1000   -0.5748   -0.5381
    4.1500   -0.5332   -0.5001
    4.2000   -0.4903   -0.4609
    4.2500   -0.4461   -0.4204
    4.3000   -0.4008   -0.3784
    4.3500   -0.3545   -0.3350
    4.4000   -0.3073   -0.2902
    4.4500   -0.2594   -0.2444
    4.5000   -0.2108   -0.1976
    4.5500   -0.1617   -0.1502
    4.6000   -0.1122   -0.1035
    4.6500   -0.0623   -0.0570
    4.7000   -0.0124   -0.0107
    4.7500    0.0376    0.0354
    4.8000    0.0875    0.0814
    4.8500    0.1372    0.1274
    4.9000    0.1865    0.1733
    4.9500    0.2354    0.2193
    5.0000    0.2837    0.2658
    5.0500    0.3312    0.3117
    5.1000    0.3780    0.3565
    5.1500    0.4238    0.4001
    5.2000    0.4685    0.4422
    5.2500    0.5121    0.4826
    5.3000    0.5544    0.5213
    5.3500    0.5953    0.5585
    5.4000    0.6347    0.5944
    5.4500    0.6725    0.6293
    5.5000    0.7087    0.6642
    5.5500    0.7430    0.6973
    5.6000    0.7756    0.7292
    5.6500    0.8061    0.7592
    5.7000    0.8347    0.7868
    5.7500    0.8612    0.8116
    5.8000    0.8855    0.8336
    5.8500    0.9076    0.8529
    5.9000    0.9275    0.8700
    5.9500    0.9450    0.8852
    6.0000    0.9602    0.8999
    6.0500    0.9729    0.9122
    6.1000    0.9833    0.9234
    6.1500    0.9911    0.9324
    6.2000    0.9965    0.9387
    6.2500    0.9994    0.9419
    6.3000    0.9999    0.9418
    6.3500    0.9978    0.9385
    6.4000    0.9932    0.9325
    6.4500    0.9861    0.9244
    6.5000    0.9766    0.9153
    6.5500    0.9646    0.9037
    6.6000    0.9502    0.8915
    6.6500    0.9335    0.8773
    6.7000    0.9144    0.8608
    6.7500    0.8930    0.8416
    6.8000    0.8694    0.8194
    6.8500    0.8436    0.7943
    6.9000    0.8157    0.7668
    6.9500    0.7858    0.7373
    7.0000    0.7539    0.7066
    7.0500    0.7201    0.6740
    7.1000    0.6845    0.6413
    7.1500    0.6473    0.6075
    7.2000    0.6084    0.5722
    7.2500    0.5679    0.5352
    7.3000    0.5261    0.4964
    7.3500    0.4829    0.4556
    7.4000    0.4385    0.4133
    7.4500    0.3931    0.3697
    7.5000    0.3466    0.3249
    7.5500    0.2993    0.2792
    7.6000    0.2513    0.2341
    7.6500    0.2026    0.1889
    7.7000    0.1534    0.1435
    7.7500    0.1038    0.0978
    7.8000    0.0540    0.0518
    7.8500    0.0040    0.0054
    7.9000   -0.0460   -0.0414
    7.9500   -0.0959   -0.0885
    8.0000   -0.1455   -0.1364
    8.0500   -0.1948   -0.1839
    8.1000   -0.2435   -0.2304
    8.1500   -0.2917   -0.2760
    8.2000   -0.3392   -0.3204
    8.2500   -0.3857   -0.3635
    8.3000   -0.4314   -0.4054
    8.3500   -0.4759   -0.4461
    8.4000   -0.5193   -0.4860
    8.4500   -0.5614   -0.5250
    8.5000   -0.6020   -0.5642
    8.5500   -0.6412   -0.6020
    8.6000   -0.6787   -0.6385
    8.6500   -0.7146   -0.6732
    8.7000   -0.7486   -0.7058
    8.7500   -0.7808   -0.7359
    8.8000   -0.8111   -0.7634
    8.8500   -0.8393   -0.7885
    8.9000   -0.8654   -0.8115
    8.9500   -0.8894   -0.8329
    9.0000   -0.9111   -0.8529
    9.0500   -0.9306   -0.8709
    9.1000   -0.9477   -0.8874
    9.1500   -0.9625   -0.9012
    9.2000   -0.9748   -0.9115
    9.2500   -0.9848   -0.9176
    9.3000   -0.9922   -0.9190
    9.3500   -0.9972   -0.9154
    9.4000   -0.9997   -0.9068
    9.4500   -0.9997   -0.8934
    9.5000   -0.9972   -0.8752
    9.5500   -0.9922   -0.8515
    9.6000   -0.9847   -0.8236
    9.6500   -0.9747   -0.7903
    9.7000   -0.9624   -0.7516
    9.7500   -0.9476   -0.7075
    9.8000   -0.9304   -0.6587
    9.8500   -0.9109   -0.6062
    9.9000   -0.8892   -0.5513
    9.9500   -0.8652   -0.4955
   10.0000   -0.8391   -0.4403
