               Exact      Appr
    0.0000    0.0000    0.1383
    0.0500    0.0500    0.1614
    0.1000    0.0998    0.1872
    0.1500    0.1494    0.2154
    0.2000    0.1987    0.2460
    0.2500    0.2474    0.2786
    0.3000    0.2955    0.3129
    0.3500    0.3429    0.3487
    0.4000    0.3894    0.3854
    0.4500    0.4350    0.4226
    0.5000    0.4794    0.4602
    0.5500    0.5227    0.4977
    0.6000    0.5646    0.5348
    0.6500    0.6052    0.5713
    0.7000    0.6442    0.6069
    0.7500    0.6816    0.6415
    0.8000    0.7174    0.6747
    0.8500    0.7513    0.7063
    0.9000    0.7833    0.7363
    0.9500    0.8134    0.7645
    1.0000    0.8415    0.7908
    1.0500    0.8674    0.8150
    1.1000    0.8912    0.8373
    1.1500    0.9128    0.8574
    1.2000    0.9320    0.8755
    1.2500    0.9490    0.8915
    1.3000    0.9636    0.9052
    1.3500    0.9757    0.9167
    1.4000    0.9854    0.9260
    1.4500    0.9927    0.9329
    1.5000    0.9975    0.9374
    1.5500    0.9998    0.9395
    1.6000    0.9996    0.9392
    1.6500    0.9969    0.9366
    1.7000    0.9917    0.9316
    1.7500    0.9840    0.9243
    1.8000    0.9738    0.9148
    1.8500    0.9613    0.9030
    1.9000    0.9463    0.8891
    1.9500    0.9290    0.8729
    2.0000    0.9093    0.8545
    2.0500    0.8874    0.8339
    2.1000    0.8632    0.8112
    2.1500    0.8369    0.7864
    2.2000    0.8085    0.7596
    2.2500    0.7781    0.7309
    2.3000    0.7457    0.7004
    2.3500    0.7115    0.6683
    2.4000    0.6755    0.6345
    2.4500    0.6378    0.5992
    2.5000    0.5985    0.5624
    2.5500    0.5577    0.5242
    2.6000    0.5155    0.4846
    2.6500    0.4720    0.4437
    2.7000    0.4274    0.4016
    2.7500    0.3817    0.3585
    2.8000    0.3350    0.3146
    2.8500    0.2875    0.2699
    2.9000    0.2392    0.2246
    2.9500    0.1904    0.1788
    3.0000    0.1411    0.1326
    3.0500    0.0915    0.0861
    3.1000    0.0416    0.0393
    3.1500   -0.0084   -0.0077
    3.2000   -0.0584   -0.0547
    3.2500   -0.1082   -0.1016
    3.3000   -0.1577   -0.1483
    3.3500   -0.2069   -0.1946
    3.4000   -0.2555   -0.2403
    3.4500   -0.3035   -0.2854
    3.5000   -0.3508   -0.3296
    3.5500   -0.3971   -0.3731
    3.6000   -0.4425   -0.4156
    3.6500   -0.4868   -0.4571
    3.7000   -0.5298   -0.4976
    3.7500   -0.5716   -0.5369
    3.8000   -0.6119   -0.5749
    3.8500   -0.6506   -0.6114
    3.9000   -0.6878   -0.6464
    3.9500   -0.7232   -0.6797
    4.0000   -0.7568   -0.7112
    4.0500   -0.7885   -0.7409
    4.1000   -0.8183   -0.7687
    4.1500   -0.8460   -0.7947
    4.2000   -0.8716   -0.8187
    4.2500   -0.8950   -0.8407
    4.3000   -0.9162   -0.8607
    4.3500   -0.9351   -0.8786
    4.4000   -0.9516   -0.8942
    4.4500   -0.9658   -0.9076
    4.5000   -0.9775   -0.9186
    4.5500   -0.9868   -0.9273
    4.6000   -0.9937   -0.9336
    4.6500   -0.9981   -0.9377
    4.7000   -0.9999   -0.9393
    4.7500   -0.9993   -0.9387
    4.8000   -0.9962   -0.9358
    4.8500   -0.9905   -0.9306
    4.9000   -0.9825   -0.9231
    4.9500   -0.9719   -0.9132
    5.0000   -0.9589   -0.9011
    5.0500   -0.9435   -0.8867
    5.1000   -0.9258   -0.8700
    5.1500   -0.9058   -0.8511
    5.2000   -0.8835   -0.8300
    5.2500   -0.8589   -0.8069
    5.3000   -0.8323   -0.7818
    5.3500   -0.8035   -0.7548
    5.4000   -0.7728   -0.7259
    5.4500   -0.7401   -0.6953
    5.5000   -0.7055   -0.6630
    5.5500   -0.6692   -0.6290
    5.6000   -0.6313   -0.5933
    5.6500   -0.5917   -0.5561
    5.7000   -0.5507   -0.5174
    5.7500   -0.5083   -0.4775
    5.8000   -0.4646   -0.4363
    5.8500   -0.4198   -0.3942
    5.9000   -0.3739   -0.3511
    5.9500   -0.3271   -0.3072
    6.0000   -0.2794   -0.2626
    6.0500   -0.2311   -0.2173
    6.1000   -0.1822   -0.1714
    6.1500   -0.1328   -0.1250
    6.2000   -0.0831   -0.0782
    6.2500   -0.0332   -0.0312
    6.3000    0.0168    0.0159
    6.3500    0.0668    0.0630
    6.4000    0.1165    0.1097
    6.4500    0.1660    0.1562
    6.5000    0.2151    0.2022
    6.5500    0.2637    0.2476
    6.6000    0.3115    0.2925
    6.6500    0.3586    0.3367
    6.7000    0.4048    0.3802
    6.7500    0.4500    0.4228
    6.8000    0.4941    0.4643
    6.8500    0.5369    0.5047
    6.9000    0.5784    0.5437
    6.9500    0.6185    0.5813
    7.0000    0.6570    0.6174
    7.0500    0.6938    0.6519
    7.1000    0.7290    0.6848
    7.1500    0.7623    0.7160
    7.2000    0.7937    0.7455
    7.2500    0.8231    0.7732
    7.3000    0.8504    0.7990
    7.3500    0.8757    0.8228
    7.4000    0.8987    0.8445
    7.4500    0.9195    0.8641
    7.5000    0.9380    0.8815
    7.5500    0.9542    0.8966
    7.6000    0.9679    0.9094
    7.6500    0.9793    0.9200
    7.7000    0.9882    0.9283
    7.7500    0.9946    0.9343
    7.8000    0.9985    0.9381
    7.8500    1.0000    0.9395
    7.9000    0.9989    0.9386
    7.9500    0.9954    0.9353
    8.0000    0.9894    0.9297
    8.0500    0.9808    0.9217
    8.1000    0.9699    0.9114
    8.1500    0.9565    0.8987
    8.2000    0.9407    0.8838
    8.2500    0.9226    0.8667
    8.3000    0.9022    0.8475
    8.3500    0.8795    0.8262
    8.4000    0.8546    0.8029
    8.4500    0.8276    0.7776
    8.5000    0.7985    0.7504
    8.5500    0.7674    0.7212
    8.6000    0.7344    0.6902
    8.6500    0.6996    0.6574
    8.7000    0.6630    0.6229
    8.7500    0.6247    0.5869
    8.8000    0.5849    0.5494
    8.8500    0.5436    0.5106
    8.9000    0.5010    0.4706
    8.9500    0.4571    0.4294
    9.0000    0.4121    0.3873
    9.0500    0.3661    0.3442
    9.1000    0.3191    0.3002
    9.1500    0.2713    0.2555
    9.2000    0.2229    0.2102
    9.2500    0.1739    0.1644
    9.3000    0.1245    0.1185
    9.3500    0.0747    0.0726
    9.4000    0.0248    0.0270
    9.4500   -0.0252   -0.0180
    9.5000   -0.0752   -0.0622
    9.5500   -0.1249   -0.1054
    9.6000   -0.1743   -0.1473
    9.6500   -0.2233   -0.1877
    9.7000   -0.2718   -0.2262
    9.7500   -0.3195   -0.2627
    9.8000   -0.3665   -0.2969
    9.8500   -0.4125   -0.3285
    9.9000   -0.4575   -0.3575
    9.9500   -0.5014   -0.3837
   10.0000   -0.5440   -0.4070
