                  N1       N11       N21
    0.0000    0.7215    0.0000    0.0000
    0.0500    0.6772    0.0000    0.0000
    0.1000    0.6291    0.0000    0.0000
    0.1500    0.5775    0.0000    0.0000
    0.2000    0.5234    0.0000    0.0000
    0.2500    0.4678    0.0000    0.0000
    0.3000    0.4119    0.0000    0.0000
    0.3500    0.3570    0.0000    0.0000
    0.4000    0.3043    0.0000    0.0000
    0.4500    0.2549    0.0000    0.0000
    0.5000    0.2097    0.0000    0.0000
    0.5500    0.1694    0.0000    0.0000
    0.6000    0.1342    0.0000    0.0000
    0.6500    0.1044    0.0000    0.0000
    0.7000    0.0796    0.0000    0.0000
    0.7500    0.0595    0.0000    0.0000
    0.8000    0.0436    0.0000    0.0000
    0.8500    0.0313    0.0000    0.0000
    0.9000    0.0220    0.0000    0.0000
    0.9500    0.0152    0.0000    0.0000
    1.0000    0.0103    0.0000    0.0000
    1.0500    0.0068    0.0000    0.0000
    1.1000    0.0044    0.0000    0.0000
    1.1500    0.0028    0.0000    0.0000
    1.2000    0.0017    0.0000    0.0000
    1.2500    0.0010    0.0000    0.0000
    1.3000    0.0006    0.0000    0.0000
    1.3500    0.0003    0.0000    0.0000
    1.4000    0.0002    0.0000    0.0000
    1.4500    0.0001    0.0000    0.0000
    1.5000    0.0000    0.0000    0.0000
    1.5500    0.0000    0.0000    0.0000
    1.6000    0.0000    0.0000    0.0000
    1.6500    0.0000    0.0000    0.0000
    1.7000    0.0000    0.0000    0.0000
    1.7500    0.0000    0.0000    0.0000
    1.8000    0.0000    0.0000    0.0000
    1.8500    0.0000    0.0000    0.0000
    1.9000    0.0000    0.0000    0.0000
    1.9500    0.0000    0.0000    0.0000
    2.0000    0.0000    0.0000    0.0000
    2.0500    0.0000    0.0000    0.0000
    2.1000    0.0000    0.0000    0.0000
    2.1500    0.0000    0.0000    0.0000
    2.2000    0.0000    0.0000    0.0000
    2.2500    0.0000    0.0000    0.0000
    2.3000    0.0000    0.0000    0.0000
    2.3500    0.0000    0.0000    0.0000
    2.4000    0.0000    0.0000    0.0000
    2.4500    0.0000    0.0000    0.0000
    2.5000    0.0000    0.0000    0.0000
    2.5500    0.0000    0.0000    0.0000
    2.6000    0.0000    0.0000    0.0000
    2.6500    0.0000    0.0000    0.0000
    2.7000    0.0000    0.0000    0.0000
    2.7500    0.0000    0.0000    0.0000
    2.8000    0.0000    0.0000    0.0000
    2.8500    0.0000    0.0000    0.0000
    2.9000    0.0000    0.0000    0.0000
    2.9500    0.0000    0.0000    0.0000
    3.0000    0.0000    0.0000    0.0000
    3.0500    0.0000    0.0000    0.0000
    3.1000    0.0000    0.0000    0.0000
    3.1500    0.0000    0.0000    0.0000
    3.2000    0.0000    0.0000    0.0000
    3.2500    0.0000    0.0000    0.0000
    3.3000    0.0000    0.0000    0.0000
    3.3500    0.0000    0.0000    0.0000
    3.4000    0.0000    0.0000    0.0000
    3.4500    0.0000    0.0000    0.0000
    3.5000    0.0000    0.0000    0.0000
    3.5500    0.0000    0.0001    0.0000
    3.6000    0.0000    0.0002    0.0000
    3.6500    0.0000    0.0003    0.0000
    3.7000    0.0000    0.0006    0.0000
    3.7500    0.0000    0.0010    0.0000
    3.8000    0.0000    0.0017    0.0000
    3.8500    0.0000    0.0028    0.0000
    3.9000    0.0000    0.0044    0.0000
    3.9500    0.0000    0.0068    0.0000
    4.0000    0.0000    0.0103    0.0000
    4.0500    0.0000    0.0152    0.0000
    4.1000    0.0000    0.0220    0.0000
    4.1500    0.0000    0.0313    0.0000
    4.2000    0.0000    0.0436    0.0000
    4.2500    0.0000    0.0594    0.0000
    4.3000    0.0000    0.0794    0.0000
    4.3500    0.0000    0.1041    0.0000
    4.4000    0.0000    0.1337    0.0000
    4.4500    0.0000    0.1682    0.0000
    4.5000    0.0000    0.2076    0.0000
    4.5500    0.0000    0.2510    0.0000
    4.6000    0.0000    0.2975    0.0000
    4.6500    0.0000    0.3457    0.0000
    4.7000    0.0000    0.3938    0.0000
    4.7500    0.0000    0.4396    0.0000
    4.8000    0.0000    0.4809    0.0000
    4.8500    0.0000    0.5158    0.0000
    4.9000    0.0000    0.5422    0.0000
    4.9500    0.0000    0.5587    0.0000
    5.0000    0.0000    0.5643    0.0000
    5.0500    0.0000    0.5587    0.0000
    5.1000    0.0000    0.5422    0.0000
    5.1500    0.0000    0.5158    0.0000
    5.2000    0.0000    0.4809    0.0000
    5.2500    0.0000    0.4396    0.0000
    5.3000    0.0000    0.3938    0.0000
    5.3500    0.0000    0.3457    0.0000
    5.4000    0.0000    0.2975    0.0000
    5.4500    0.0000    0.2510    0.0000
    5.5000    0.0000    0.2076    0.0000
    5.5500    0.0000    0.1682    0.0000
    5.6000    0.0000    0.1337    0.0000
    5.6500    0.0000    0.1041    0.0000
    5.7000    0.0000    0.0794    0.0000
    5.7500    0.0000    0.0594    0.0000
    5.8000    0.0000    0.0436    0.0000
    5.8500    0.0000    0.0313    0.0000
    5.9000    0.0000    0.0220    0.0000
    5.9500    0.0000    0.0152    0.0000
    6.0000    0.0000    0.0103    0.0000
    6.0500    0.0000    0.0068    0.0000
    6.1000    0.0000    0.0044    0.0000
    6.1500    0.0000    0.0028    0.0000
    6.2000    0.0000    0.0017    0.0000
    6.2500    0.0000    0.0010    0.0000
    6.3000    0.0000    0.0006    0.0000
    6.3500    0.0000    0.0003    0.0000
    6.4000    0.0000    0.0002    0.0000
    6.4500    0.0000    0.0001    0.0000
    6.5000    0.0000    0.0000    0.0000
    6.5500    0.0000    0.0000    0.0000
    6.6000    0.0000    0.0000    0.0000
    6.6500    0.0000    0.0000    0.0000
    6.7000    0.0000    0.0000    0.0000
    6.7500    0.0000    0.0000    0.0000
    6.8000    0.0000    0.0000    0.0000
    6.8500    0.0000    0.0000    0.0000
    6.9000    0.0000    0.0000    0.0000
    6.9500    0.0000    0.0000    0.0000
    7.0000    0.0000    0.0000    0.0000
    7.0500    0.0000    0.0000    0.0000
    7.1000    0.0000    0.0000    0.0000
    7.1500    0.0000    0.0000    0.0000
    7.2000    0.0000    0.0000    0.0000
    7.2500    0.0000    0.0000    0.0000
    7.3000    0.0000    0.0000    0.0000
    7.3500    0.0000    0.0000    0.0000
    7.4000    0.0000    0.0000    0.0000
    7.4500    0.0000    0.0000    0.0000
    7.5000    0.0000    0.0000    0.0000
    7.5500    0.0000    0.0000    0.0000
    7.6000    0.0000    0.0000    0.0000
    7.6500    0.0000    0.0000    0.0000
    7.7000    0.0000    0.0000    0.0000
    7.7500    0.0000    0.0000    0.0000
    7.8000    0.0000    0.0000    0.0000
    7.8500    0.0000    0.0000    0.0000
    7.9000    0.0000    0.0000    0.0000
    7.9500    0.0000    0.0000    0.0000
    8.0000    0.0000    0.0000    0.0000
    8.0500    0.0000    0.0000    0.0000
    8.1000    0.0000    0.0000    0.0000
    8.1500    0.0000    0.0000    0.0000
    8.2000    0.0000    0.0000    0.0000
    8.2500    0.0000    0.0000    0.0000
    8.3000    0.0000    0.0000    0.0000
    8.3500    0.0000    0.0000    0.0000
    8.4000    0.0000    0.0000    0.0000
    8.4500    0.0000    0.0000    0.0000
    8.5000    0.0000    0.0000    0.0000
    8.5500    0.0000    0.0000    0.0001
    8.6000    0.0000    0.0000    0.0002
    8.6500    0.0000    0.0000    0.0003
    8.7000    0.0000    0.0000    0.0006
    8.7500    0.0000    0.0000    0.0010
    8.8000    0.0000    0.0000    0.0017
    8.8500    0.0000    0.0000    0.0028
    8.9000    0.0000    0.0000    0.0044
    8.9500    0.0000    0.0000    0.0068
    9.0000    0.0000    0.0000    0.0103
    9.0500    0.0000    0.0000    0.0152
    9.1000    0.0000    0.0000    0.0220
    9.1500    0.0000    0.0000    0.0313
    9.2000    0.0000    0.0000    0.0436
    9.2500    0.0000    0.0000    0.0595
    9.3000    0.0000    0.0000    0.0796
    9.3500    0.0000    0.0000    0.1044
    9.4000    0.0000    0.0000    0.1342
    9.4500    0.0000    0.0000    0.1694
    9.5000    0.0000    0.0000    0.2097
    9.5500    0.0000    0.0000    0.2549
    9.6000    0.0000    0.0000    0.3043
    9.6500    0.0000    0.0000    0.3570
    9.7000    0.0000    0.0000    0.4119
    9.7500    0.0000    0.0000    0.4678
    9.8000    0.0000    0.0000    0.5234
    9.8500    0.0000    0.0000    0.5775
    9.9000    0.0000    0.0000    0.6291
    9.9500    0.0000    0.0000    0.6772
   10.0000    0.0000    0.0000    0.7215
